1.000000 0.000000 0.000000 0.000000 0.000000 1.000000 0.000000 0.000000 0.000000 0.000000 1.000000 0.000000
0.999984 -0.000525 0.005596 0.096856 0.000497 0.999988 0.004970 0.057548 -0.005598 -0.004967 0.999972 0.628959
0.999706 0.000185 0.024257 0.148803 -0.000393 0.999963 0.008572 0.107538 -0.024254 -0.008579 0.999669 1.180543
0.999837 -0.005671 0.017130 0.296404 0.005458 0.999907 0.012478 0.158411 -0.017199 -0.012382 0.999775 1.706722
